roll: -0.05526800
pitch: 0.02655500
yaw: -83.06376100
x: -0.08049600
y: 0.00000500
z: 30.23956800
